acc: 0.8027375201288245
f1: 0.8141122913505311
prauc: 0.8885687561609731
rocauc: 0.8827154724818276
mcc: 0.6052031104861663
ClsFocalLoss: 0.11185045805587436
